{"nbformat":4,"nbformat_minor":0,"metadata":{"kernelspec":{"name":"python3","display_name":"Python 3"},"colab":{"name":"bert style and content.ipynb","provenance":[],"collapsed_sections":[]}},"cells":[{"cell_type":"code","metadata":{"id":"73GhPRvw2SYc"},"source":["# following the tutorial here https://www.tensorflow.org/tutorials/generative/style_transfer"],"execution_count":null,"outputs":[]},{"cell_type":"code","metadata":{"id":"AdPDp1kdjjtU"},"source":["!pip install --quiet tensorflow-text"],"execution_count":null,"outputs":[]},{"cell_type":"code","metadata":{"colab":{"base_uri":"https://localhost:8080/"},"id":"zYmbxWKIUaod","executionInfo":{"status":"ok","timestamp":1606079359140,"user_tz":300,"elapsed":920,"user":{"displayName":"Paul Gibby","photoUrl":"https://lh3.googleusercontent.com/a-/AOh14Gh-FeGTmiUGoIVfYsGllUJKmuReh4c0BQyLRlFsqg=s64","userId":"03357828191283981752"}},"outputId":"3d6e91fc-b9a3-4ee0-e316-975b3b7a5d2b"},"source":["import numpy as np\n","import tensorflow as tf\n","import tensorflow_text\n","import tensorflow_hub as hub\n","print(tf.__version__)"],"execution_count":null,"outputs":[{"output_type":"stream","text":["2.3.0\n"],"name":"stdout"}]},{"cell_type":"code","metadata":{"id":"mcGx5QVbUaod","colab":{"base_uri":"https://localhost:8080/"},"executionInfo":{"status":"ok","timestamp":1606079613842,"user_tz":300,"elapsed":86724,"user":{"displayName":"Paul Gibby","photoUrl":"https://lh3.googleusercontent.com/a-/AOh14Gh-FeGTmiUGoIVfYsGllUJKmuReh4c0BQyLRlFsqg=s64","userId":"03357828191283981752"}},"outputId":"bc76ba9f-43a2-45fc-a29d-1cedbeb4f2cc"},"source":["preprocessor = hub.KerasLayer(\n","      \"https://tfhub.dev/tensorflow/bert_en_uncased_preprocess/1\")\n","encoder = hub.KerasLayer(\n","    \"https://tfhub.dev/tensorflow/bert_en_uncased_L-12_H-768_A-12/3\",\n","    trainable=False)"],"execution_count":null,"outputs":[{"output_type":"stream","text":["WARNING:tensorflow:5 out of the last 5 calls to <function recreate_function.<locals>.restored_function_body at 0x7fe70f11cea0> triggered tf.function retracing. Tracing is expensive and the excessive number of tracings could be due to (1) creating @tf.function repeatedly in a loop, (2) passing tensors with different shapes, (3) passing Python objects instead of tensors. For (1), please define your @tf.function outside of the loop. For (2), @tf.function has experimental_relax_shapes=True option that relaxes argument shapes that can avoid unnecessary retracing. For (3), please refer to https://www.tensorflow.org/tutorials/customization/performance#python_or_tensor_args and https://www.tensorflow.org/api_docs/python/tf/function for  more details.\n"],"name":"stdout"},{"output_type":"stream","text":["WARNING:tensorflow:5 out of the last 5 calls to <function recreate_function.<locals>.restored_function_body at 0x7fe70f11cea0> triggered tf.function retracing. Tracing is expensive and the excessive number of tracings could be due to (1) creating @tf.function repeatedly in a loop, (2) passing tensors with different shapes, (3) passing Python objects instead of tensors. For (1), please define your @tf.function outside of the loop. For (2), @tf.function has experimental_relax_shapes=True option that relaxes argument shapes that can avoid unnecessary retracing. For (3), please refer to https://www.tensorflow.org/tutorials/customization/performance#python_or_tensor_args and https://www.tensorflow.org/api_docs/python/tf/function for  more details.\n"],"name":"stderr"},{"output_type":"stream","text":["WARNING:tensorflow:6 out of the last 6 calls to <function recreate_function.<locals>.restored_function_body at 0x7fe712304378> triggered tf.function retracing. Tracing is expensive and the excessive number of tracings could be due to (1) creating @tf.function repeatedly in a loop, (2) passing tensors with different shapes, (3) passing Python objects instead of tensors. For (1), please define your @tf.function outside of the loop. For (2), @tf.function has experimental_relax_shapes=True option that relaxes argument shapes that can avoid unnecessary retracing. For (3), please refer to https://www.tensorflow.org/tutorials/customization/performance#python_or_tensor_args and https://www.tensorflow.org/api_docs/python/tf/function for  more details.\n"],"name":"stdout"},{"output_type":"stream","text":["WARNING:tensorflow:6 out of the last 6 calls to <function recreate_function.<locals>.restored_function_body at 0x7fe712304378> triggered tf.function retracing. Tracing is expensive and the excessive number of tracings could be due to (1) creating @tf.function repeatedly in a loop, (2) passing tensors with different shapes, (3) passing Python objects instead of tensors. For (1), please define your @tf.function outside of the loop. For (2), @tf.function has experimental_relax_shapes=True option that relaxes argument shapes that can avoid unnecessary retracing. For (3), please refer to https://www.tensorflow.org/tutorials/customization/performance#python_or_tensor_args and https://www.tensorflow.org/api_docs/python/tf/function for  more details.\n"],"name":"stderr"},{"output_type":"stream","text":["WARNING:tensorflow:Unresolved object in checkpoint: (root).layer-1._vocab_table._initializer\n"],"name":"stdout"},{"output_type":"stream","text":["WARNING:tensorflow:Unresolved object in checkpoint: (root).layer-1._vocab_table._initializer\n"],"name":"stderr"},{"output_type":"stream","text":["WARNING:tensorflow:Unresolved object in checkpoint: (root).layer-1._vocab_table._initializer._filename\n"],"name":"stdout"},{"output_type":"stream","text":["WARNING:tensorflow:Unresolved object in checkpoint: (root).layer-1._vocab_table._initializer._filename\n"],"name":"stderr"},{"output_type":"stream","text":["WARNING:tensorflow:A checkpoint was restored (e.g. tf.train.Checkpoint.restore or tf.keras.Model.load_weights) but not all checkpointed values were used. See above for specific issues. Use expect_partial() on the load status object, e.g. tf.train.Checkpoint.restore(...).expect_partial(), to silence these warnings, or use assert_consumed() to make the check explicit. See https://www.tensorflow.org/guide/checkpoint#loading_mechanics for details.\n"],"name":"stdout"},{"output_type":"stream","text":["WARNING:tensorflow:A checkpoint was restored (e.g. tf.train.Checkpoint.restore or tf.keras.Model.load_weights) but not all checkpointed values were used. See above for specific issues. Use expect_partial() on the load status object, e.g. tf.train.Checkpoint.restore(...).expect_partial(), to silence these warnings, or use assert_consumed() to make the check explicit. See https://www.tensorflow.org/guide/checkpoint#loading_mechanics for details.\n"],"name":"stderr"}]},{"cell_type":"code","metadata":{"id":"gPXgruwAWVwB","colab":{"base_uri":"https://localhost:8080/"},"executionInfo":{"status":"ok","timestamp":1606079614321,"user_tz":300,"elapsed":82621,"user":{"displayName":"Paul Gibby","photoUrl":"https://lh3.googleusercontent.com/a-/AOh14Gh-FeGTmiUGoIVfYsGllUJKmuReh4c0BQyLRlFsqg=s64","userId":"03357828191283981752"}},"outputId":"a3cde382-3d75-44a6-fd02-bf9762d41d17"},"source":["sentence = \"This is a nice sentence.\""],"execution_count":null,"outputs":[{"output_type":"stream","text":["WARNING:tensorflow:7 out of the last 7 calls to <function recreate_function.<locals>.restored_function_body at 0x7fe70f1922f0> triggered tf.function retracing. Tracing is expensive and the excessive number of tracings could be due to (1) creating @tf.function repeatedly in a loop, (2) passing tensors with different shapes, (3) passing Python objects instead of tensors. For (1), please define your @tf.function outside of the loop. For (2), @tf.function has experimental_relax_shapes=True option that relaxes argument shapes that can avoid unnecessary retracing. For (3), please refer to https://www.tensorflow.org/tutorials/customization/performance#python_or_tensor_args and https://www.tensorflow.org/api_docs/python/tf/function for  more details.\n"],"name":"stdout"},{"output_type":"stream","text":["WARNING:tensorflow:7 out of the last 7 calls to <function recreate_function.<locals>.restored_function_body at 0x7fe70f1922f0> triggered tf.function retracing. Tracing is expensive and the excessive number of tracings could be due to (1) creating @tf.function repeatedly in a loop, (2) passing tensors with different shapes, (3) passing Python objects instead of tensors. For (1), please define your @tf.function outside of the loop. For (2), @tf.function has experimental_relax_shapes=True option that relaxes argument shapes that can avoid unnecessary retracing. For (3), please refer to https://www.tensorflow.org/tutorials/customization/performance#python_or_tensor_args and https://www.tensorflow.org/api_docs/python/tf/function for  more details.\n"],"name":"stderr"}]},{"cell_type":"code","metadata":{"id":"0LY2mk0jygBB"},"source":["def gram_matrix(input_tensor):\n","  result = tf.linalg.einsum('bic,bid->bcd', input_tensor, input_tensor)\n","  input_shape = tf.shape(input_tensor)\n","  num_locations = tf.cast(input_shape[1]*input_shape[2], tf.float32)\n","  return result/(num_locations)"],"execution_count":null,"outputs":[]},{"cell_type":"code","metadata":{"id":"wQycL9A2z3PT"},"source":["class StyleContentModel(tf.keras.models.Model):\n","  def __init__(self, style_layers, content_layers):\n","    super(StyleContentModel, self).__init__()\n","    self.preprocessor = preprocessor\n","    self.encoder = encoder\n","    self.style_layers = style_layers\n","    self.content_layers = content_layers\n","\n","  def call(self, inputs):\n","    \"Expects float input in [0,1]\"\n","    preprocessed_input = self.preprocessor(inputs)\n","    outputs = self.encoder(preprocessed_input)\n","    layers = outputs['encoder_outputs']\n","    style_outputs = [style_output for i, style_output in enumerate(layers) if i in self.style_layers]\n","    content_outputs = [content_output for i, content_output in enumerate(layers) if i in self.content_layers]\n","\n","    style_outputs = [gram_matrix(style_output) for style_output in style_outputs]\n","\n","    return content_outputs, style_outputs"],"execution_count":null,"outputs":[]},{"cell_type":"code","metadata":{"id":"F_zidZxj1iWD"},"source":["style_layers = [0,1,2,3,4]\n","content_layers = [11]\n","extractor = StyleContentModel(style_layers, content_layers)\n","results = extractor([sentence])"],"execution_count":null,"outputs":[]},{"cell_type":"code","metadata":{"colab":{"base_uri":"https://localhost:8080/"},"id":"SW54A0Dv1vXR","executionInfo":{"status":"ok","timestamp":1606080266535,"user_tz":300,"elapsed":253,"user":{"displayName":"Paul Gibby","photoUrl":"https://lh3.googleusercontent.com/a-/AOh14Gh-FeGTmiUGoIVfYsGllUJKmuReh4c0BQyLRlFsqg=s64","userId":"03357828191283981752"}},"outputId":"28e02d51-6071-44a9-be0c-e52cfeabf20a"},"source":["results"],"execution_count":null,"outputs":[{"output_type":"execute_result","data":{"text/plain":["([<tf.Tensor: shape=(1, 128, 768), dtype=float32, numpy=\n","  array([[[-0.04140566,  0.02487258, -0.18559837, ..., -0.16935846,\n","            0.02828475,  0.6497009 ],\n","          [-0.6632701 , -0.01108311, -0.04537605, ..., -0.00759035,\n","            0.17624772,  0.4847691 ],\n","          [ 0.06166041, -0.19566756,  0.38863105, ..., -0.19084993,\n","           -0.00946588,  1.1805072 ],\n","          ...,\n","          [ 0.04975953, -0.24883376,  0.33861274, ...,  0.3099918 ,\n","           -0.16195074,  0.09633178],\n","          [ 0.07145615, -0.17512976,  0.4124881 , ...,  0.30505356,\n","           -0.20710379,  0.09815944],\n","          [-0.14201781, -0.13025676,  0.43745166, ...,  0.27715382,\n","           -0.2818718 ,  0.13325058]]], dtype=float32)>],\n"," [<tf.Tensor: shape=(1, 768, 768), dtype=float32, numpy=\n","  array([[[ 5.9883347e-05,  4.9552327e-05, -5.1466439e-05, ...,\n","           -3.3446533e-05, -5.7796283e-06,  7.9453451e-07],\n","          [ 4.9552327e-05,  1.6897061e-04, -2.0542578e-04, ...,\n","           -1.4332432e-04,  7.5030359e-05,  7.7431287e-05],\n","          [-5.1466439e-05, -2.0542578e-04,  4.0046440e-04, ...,\n","            2.7418957e-04, -1.7899979e-04, -1.4589283e-04],\n","          ...,\n","          [-3.3446533e-05, -1.4332432e-04,  2.7418957e-04, ...,\n","            2.2986015e-04, -1.4379715e-04, -1.0794559e-04],\n","          [-5.7796283e-06,  7.5030359e-05, -1.7899979e-04, ...,\n","           -1.4379715e-04,  1.3222317e-04,  8.0312697e-05],\n","          [ 7.9453451e-07,  7.7431287e-05, -1.4589283e-04, ...,\n","           -1.0794559e-04,  8.0312697e-05,  1.0085143e-04]]], dtype=float32)>,\n","  <tf.Tensor: shape=(1, 768, 768), dtype=float32, numpy=\n","  array([[[ 2.8446008e-04,  1.5530073e-04, -2.1761465e-04, ...,\n","           -4.8258613e-04,  1.6927211e-04,  8.2457824e-05],\n","          [ 1.5530073e-04,  1.5664544e-04, -1.4612167e-04, ...,\n","           -3.2793474e-04,  1.2206274e-04,  6.6873028e-05],\n","          [-2.1761465e-04, -1.4612167e-04,  3.6734890e-04, ...,\n","            5.6783925e-04, -2.2753958e-04, -1.3762353e-04],\n","          ...,\n","          [-4.8258613e-04, -3.2793474e-04,  5.6783925e-04, ...,\n","            1.2836693e-03, -4.5255924e-04, -2.8825662e-04],\n","          [ 1.6927211e-04,  1.2206274e-04, -2.2753958e-04, ...,\n","           -4.5255924e-04,  2.1999217e-04,  1.2246138e-04],\n","          [ 8.2457824e-05,  6.6873028e-05, -1.3762353e-04, ...,\n","           -2.8825662e-04,  1.2246138e-04,  1.4100112e-04]]], dtype=float32)>,\n","  <tf.Tensor: shape=(1, 768, 768), dtype=float32, numpy=\n","  array([[[ 3.8181947e-04,  1.7183974e-04, -4.6007652e-04, ...,\n","           -6.6807511e-04, -1.0501201e-04,  8.7837056e-05],\n","          [ 1.7183974e-04,  1.3961155e-04, -2.6101360e-04, ...,\n","           -3.7854863e-04, -5.5697994e-05,  6.7568420e-05],\n","          [-4.6007652e-04, -2.6101360e-04,  8.7449822e-04, ...,\n","            1.1177449e-03,  1.3133408e-04, -2.3618044e-04],\n","          ...,\n","          [-6.6807511e-04, -3.7854863e-04,  1.1177449e-03, ...,\n","            1.6343071e-03,  2.2555022e-04, -3.0342516e-04],\n","          [-1.0501201e-04, -5.5697994e-05,  1.3133408e-04, ...,\n","            2.2555022e-04,  7.1932103e-05, -2.2203081e-05],\n","          [ 8.7837056e-05,  6.7568420e-05, -2.3618044e-04, ...,\n","           -3.0342516e-04, -2.2203081e-05,  1.4538462e-04]]], dtype=float32)>,\n","  <tf.Tensor: shape=(1, 768, 768), dtype=float32, numpy=\n","  array([[[ 3.1128834e-04,  3.0801294e-04, -3.9978340e-04, ...,\n","           -2.7511510e-04,  4.7490266e-05,  1.3835117e-05],\n","          [ 3.0801294e-04,  5.1798293e-04, -6.0771714e-04, ...,\n","           -4.4886276e-04,  6.4406384e-05,  1.2817785e-04],\n","          [-3.9978340e-04, -6.0771714e-04,  8.4356352e-04, ...,\n","            6.1079819e-04, -9.1984075e-05, -1.5281205e-04],\n","          ...,\n","          [-2.7511510e-04, -4.4886276e-04,  6.1079819e-04, ...,\n","            5.2099652e-04, -3.6305722e-05, -9.3455157e-05],\n","          [ 4.7490266e-05,  6.4406384e-05, -9.1984075e-05, ...,\n","           -3.6305722e-05,  9.1172493e-05,  5.8814545e-05],\n","          [ 1.3835117e-05,  1.2817785e-04, -1.5281205e-04, ...,\n","           -9.3455157e-05,  5.8814545e-05,  1.7148390e-04]]], dtype=float32)>,\n","  <tf.Tensor: shape=(1, 768, 768), dtype=float32, numpy=\n","  array([[[ 1.8199060e-04,  8.8483568e-05, -1.5927055e-04, ...,\n","           -1.8011084e-05,  6.1025272e-05, -1.6707223e-05],\n","          [ 8.8483568e-05,  2.5564432e-04, -3.3954790e-04, ...,\n","           -1.2683844e-04,  4.0684787e-05,  9.6258467e-05],\n","          [-1.5927055e-04, -3.3954790e-04,  7.3592371e-04, ...,\n","            2.8031293e-04, -8.8659639e-05, -1.5234567e-04],\n","          ...,\n","          [-1.8011084e-05, -1.2683844e-04,  2.8031293e-04, ...,\n","            1.8870922e-04, -1.9027129e-05, -3.6911486e-05],\n","          [ 6.1025272e-05,  4.0684787e-05, -8.8659639e-05, ...,\n","           -1.9027129e-05,  8.8193781e-05,  3.4630702e-05],\n","          [-1.6707223e-05,  9.6258467e-05, -1.5234567e-04, ...,\n","           -3.6911486e-05,  3.4630702e-05,  2.0643442e-04]]], dtype=float32)>])"]},"metadata":{"tags":[]},"execution_count":21}]}]}